Inputs: [ 1.76, -0.064, -0.412, 0.016 ]
Inputs Statistics: {meanExponent=-0.7823225398782259, negative=2, min=0.016, max=0.016, mean=0.325, count=4.0, positive=2, stdDev=0.8439780802840794, zeros=0}
Output: [ 0.689584714168348, 0.11128445187431771, 0.07857782640858947, 0.12055300754874468 ]
Outputs Statistics: {meanExponent=-0.7846249554922285, negative=0, min=0.12055300754874468, max=0.12055300754874468, mean=0.24999999999999994, count=4.0, positive=4, stdDev=0.2542728896656876, zeros=0}
Feedback for input 0
Inputs Values: [ 1.76, -0.064, -0.412, 0.016 ]
Value Statistics: {meanExponent=-0.7823225398782259, negative=2, min=0.016, max=0.016, mean=0.325, count=4.0, positive=2, stdDev=0.8439780802840794, zeros=0}
Implemented Feedback: [ [ 0.21405763615370577, -0.07674005693713265, -0.05418606796393723, -0.08313151125263579 ], [ -0.07674005693713265, 0.09890022264535037, -0.008744490341355165, -0.013415675366862535 ], [ -0.05418606796393723, -0.008744490341355165, 0.07240335160549104, -0.009472793300198633 ], [ -0.08313151125263579, -0.013415675366862535, -0.009472793300198633, 0.10601997991969697 ] ]
Implemented Statistics: {meanExponent=-1.413757784326534, negative=12, min=0.10601997991969697, max=0.10601997991969697, mean=6.071532165918825E-18, count=16.0, positive=4, stdDev=0.08071895555218737, zeros=0}
Measured Feedback: [ [ 0.21405357784720636, -0.07673860202658811, -0.054185040653104144, -0.08312993516682021 ], [ -0.0767430399928326, 0.09890406711787758, -0.008744830259227454, -0.013416196864013408 ], [ -0.05418835153592205, -0.00874485886176446, 0.07240640291172884, -0.009473192513625994 ], [ -0.08313466570264438, -0.013416184428682865, -0.009473152748351588, 0.10602400288037273 ] ]
Measured Statistics: {meanExponent=-1.4137469270512164, negative=12, min=0.10602400288037273, max=0.10602400288037273, mean=2.2551405187698492E-13, count=16.0, positive=4, stdDev=0.08071934482729094, zeros=0}
Feedback Error: [ [ -4.0583064994104134E-6, 1.4549105445404997E-6, 1.0273108330891012E-6, 1.5760858155799973E-6 ], [ -2.983055699956605E-6, 3.8444725272146485E-6, -3.399178722888335E-7, -5.214971508724076E-7 ], [ -2.283571984819377E-6, -3.6852040929437335E-7, 3.05130623780292E-6, -3.992134273607395E-7 ], [ -3.1544500085911586E-6, -5.090618203293373E-7, -3.5944815295410604E-7, 4.022960675753584E-6 ] ]
Error Statistics: {meanExponent=-5.895923104084112, negative=10, min=4.022960675753584E-6, max=4.022960675753584E-6, mean=2.2550646246177752E-13, count=16.0, positive=6, stdDev=2.3390113820766395E-6, zeros=0}
Finite-Difference Derivative Accuracy:
absoluteTol: 1.8721e-06 +- 1.4022e-06 [3.3992e-07 - 4.0583e-06] (16#)
relativeTol: 1.7240e-05 +- 4.5476e-06 [9.4796e-06 - 2.1071e-05] (16#)
