Inputs: [ 0.704, 0.368, 0.844, -0.096 ]
Inputs Statistics: {meanExponent=-0.4194914606297867, negative=1, min=-0.096, max=-0.096, mean=0.45499999999999996, count=4.0, positive=3, stdDev=0.36210909958188015, zeros=0}
Output: [ 0.30172958621101464, 0.2156229340147091, 0.34707163735856306, 0.1355758424157131 ]
Outputs Statistics: {meanExponent=-0.6285214288179257, negative=0, min=0.1355758424157131, max=0.1355758424157131, mean=0.24999999999999997, count=4.0, positive=4, stdDev=0.08119963573450613, zeros=0}
Feedback for input 0
Inputs Values: [ 0.704, 0.368, 0.844, -0.096 ]
Value Statistics: {meanExponent=-0.4194914606297867, negative=1, min=-0.096, max=-0.096, mean=0.45499999999999996, count=4.0, positive=3, stdDev=0.36210909958188015, zeros=0}
Implemented Feedback: [ [ 0.21068884301594454, -0.0650598186578631, -0.10472178152577856, -0.04090724283230285 ], [ -0.0650598186578631, 0.1691296843415975, -0.07483660476054249, -0.029233260923191912 ], [ -0.10472178152577856, -0.07483660476054249, 0.22661291589980917, -0.04705452961348808 ], [ -0.04090724283230285, -0.029233260923191912, -0.04705452961348808, 0.11719503336898285 ] ]
Implemented Statistics: {meanExponent=-1.1317786905636251, negative=12, min=0.11719503336898285, max=0.11719503336898285, mean=6.071532165918825E-18, count=16.0, positive=4, stdDev=0.10873329058827384, zeros=0}
Measured Feedback: [ [ 0.2106930202594448, -0.0650611085728503, -0.10472385780280202, -0.04090805388351493 ], [ -0.06506166880804187, 0.16913449399774683, -0.07483873293967491, -0.029234092249197374 ], [ -0.1047233829559735, -0.07483774917965702, 0.22661638131860062, -0.04705524918213744 ], [ -0.04090873361117797, -0.02923432626811273, -0.04705624441769807, 0.11719930429698877 ] ]
Measured Statistics: {meanExponent=-1.1317678334145058, negative=12, min=0.11719930429698877, max=0.11719930429698877, mean=1.214306433183765E-13, count=16.0, positive=4, stdDev=0.1087356345649832, zeros=0}
Feedback Error: [ [ 4.177243500269601E-6, -1.2899149871986593E-6, -2.0762770234633576E-6, -8.110512120795832E-7 ], [ -1.8501501787698826E-6, 4.8096561493238266E-6, -2.1281791324212485E-6, -8.313260054619576E-7 ], [ -1.6014301949390797E-6, -1.144419114529338E-6, 3.4654187914540113E-6, -7.195686493599585E-7 ], [ -1.4907788751239437E-6, -1.0653449208190835E-6, -1.7148042099901506E-6, 4.2709280059227694E-6 ] ]
Error Statistics: {meanExponent=-5.7574721030723754, negative=12, min=4.2709280059227694E-6, max=4.2709280059227694E-6, mean=1.2142587282881756E-13, count=16.0, positive=4, stdDev=2.4596495275338047E-6, zeros=0}
Finite-Difference Derivative Accuracy:
absoluteTol: 2.0904e-06 +- 1.2962e-06 [7.1957e-07 - 4.8097e-06] (16#)
relativeTol: 1.2500e-05 +- 4.0601e-06 [7.6461e-06 - 1.8221e-05] (16#)
