Inputs: [ 0.764, 0.284, 0.452, -0.732 ]
Inputs Statistics: {meanExponent=-0.2859846963768746, negative=1, min=-0.732, max=-0.732, mean=0.192, count=4.0, positive=3, stdDev=0.560585408301001, zeros=0}
Output: [ 0.38838128064554295, 0.24032388615186176, 0.2842879233421937, 0.08700690986040137 ]
Outputs Statistics: {meanExponent=-0.6591581542053341, negative=0, min=0.08700690986040137, max=0.08700690986040137, mean=0.24999999999999994, count=4.0, positive=4, stdDev=0.10838059689432204, zeros=0}
Feedback for input 0
Inputs Values: [ 0.764, 0.284, 0.452, -0.732 ]
Value Statistics: {meanExponent=-0.2859846963768746, negative=1, min=-0.732, max=-0.732, mean=0.192, count=4.0, positive=3, stdDev=0.560585408301001, zeros=0}
Implemented Feedback: [ [ 0.23754126148967095, -0.09333729867337373, -0.11041210773970314, -0.033791855076594005 ], [ -0.09333729867337373, 0.18256831589672873, -0.06832117852363856, -0.020909838699716396 ], [ -0.11041210773970314, -0.06832117852363856, 0.2034682999839767, -0.024735013720634944 ], [ -0.033791855076594005, -0.020909838699716396, -0.024735013720634944, 0.07943670749694534 ] ]
Implemented Statistics: {meanExponent=-1.1858820775836512, negative=12, min=0.07943670749694534, max=0.07943670749694534, mean=1.0408340855860843E-17, count=16.0, positive=4, stdDev=0.10982639155711238, zeros=0}
Measured Feedback: [ [ 0.23754391272778896, -0.09333834042585254, -0.11041334006645087, -0.03379223223284877 ], [ -0.0933397224051058, 0.18257305673091695, -0.06832295265046806, -0.02091038167492676 ], [ -0.11041448942095133, -0.06832265226852652, 0.2034726889660332, -0.024735547275583913 ], [ -0.03379325068553207, -0.020910702279719473, -0.024736035280636948, 0.07943998824741505 ] ]
Measured Statistics: {meanExponent=-1.1858712204244035, negative=12, min=0.07943998824741505, max=0.07943998824741505, mean=3.469446951953614E-13, count=16.0, positive=4, stdDev=0.10982850916652317, zeros=0}
Feedback Error: [ [ 2.651238118017707E-6, -1.0417524788086663E-6, -1.2323267477298838E-6, -3.771562547688623E-7 ], [ -2.4237317320652263E-6, 4.7408341882215765E-6, -1.774126829501288E-6, -5.429752103630614E-7 ], [ -2.381681248192491E-6, -1.4737448879587056E-6, 4.388982056513502E-6, -5.335549489692004E-7 ], [ -1.3956089380678938E-6, -8.635800030770691E-7, -1.0215600020034576E-6, 3.2807504697085488E-6 ] ]
Error Statistics: {meanExponent=-5.832892702867703, negative=12, min=3.2807504697085488E-6, max=3.2807504697085488E-6, mean=3.4693472053537455E-13, count=16.0, positive=4, stdDev=2.2839124516020806E-6, zeros=0}
Finite-Difference Derivative Accuracy:
absoluteTol: 1.8827e-06 +- 1.2929e-06 [3.7716e-07 - 4.7408e-06] (16#)
relativeTol: 1.2500e-05 +- 5.4192e-06 [5.5805e-06 - 2.0650e-05] (16#)
